370317981
976789380
705358849
166291274
816532909
674726102
408387782
164124932
267553634
366674397
124017166
420191550
652422171
395997385
396580096
67576950
57579439
818490379
687484450
559359700
914838328
675502817
245718044
393261495
254452709
92737742
447828746
826709615
486314539
494503861
23444874
875590189
187758536
694255054
538934587
432889077
580784027
449422552
828488753
533983599
197570837
977847765
777619604
49476389
902761230
768319066
380295851
557664889
380798144
797647210
111608128
758040933
824971732
705040385
797905852
337535967
524611853
817874236
669595817
650179975
626405514
524585444
208958869
867541460
340611657
146706332
941713425
134425091
524799804
518700479
901185945
950394757
786620753
586171370
399113632
369694260
425761952
529324937
924583055
355539149
813624782
240725005
326148552
936592943
379315704
33230074
901368296
674338683
818833464
649786461
126708654
83912003
481936415
103631383
455539793
881073288
933516396
22127805
261984189
116194222
967777171
186727170
1665863
993837631
817676996
607441865
637174309
36733182
350412836
522439478
560460328
454308557
220077718
255160169
297122801
848195891
445060223
99519795
370521772
299061703
272186978
654706983
708247657
384513914
522368147
182412611
83772782
247571093
665510985
505189287
959253915
326368642
507949555
383578776
749973706
377916056
949864494
457921807
979556954
329215114
203484411
822611405
918929057
273182187
73236980
505561728
692694409
959006405
120724480
956691095
402470747
804006711
215411726
933128625
85855824
769363634
44467930
249607664
843375795
235359615
767913959
643046804
442313418
371553648
301414132
571341637
911195714
770869816
930538050
49629449
221016108
429407815
213389784
520651981
22786675
404870365
395032996
998376757
136075567
240993931
445482715
870238383
812074899
673998514
423289464
331794946
392366624
785919665
554887984
210199694
478030903
467571931
597456492
203264434
418376301
389701559
212530188
560588596
399345353
935149164
431813638
942103458
58451199
941575114
68964845
724581295
858690468
867128584
540585578
92046073
767041295
720698977
228491995
712073942
38288211
373892028
37558998
75139491
664094178
624489464
79156083
194876456
470603256
436324944
712931889
360467247
844776877
700510822
247154078
979569169
744838388
290733593
326269121
761514520
523158495
601183661
543769970
456122863
708397028
957972077
729025091
974573285
841140227
608146166
317939385
112414570
174545470
9873811
435207785
998782471
194962099
290018469
17690622
698477420
574452303
646445675
106027281
245338451
787263868
239231557
944178561
20890189
778282301
442979977
151521781
230537200
582138788
816505524
579003712
116989389
151110035
760789886
765419333
741885750
99940972
499624317
765694369
65313097
713189764
824770926
727104184
58411382
972294533
190037467
690556736
875515328
19631353
53329870
349279800
576192519
756915643
195265547
108689516
46409478
606212483
27014869
462307335
579764026
696652883
530138649
754638869
416861742
766185024
825428931
808181446
193031418
951033469
650136858
661144270
487212960
161903473
20086346
589284190
443655929
841188321
649208689
46225931
264034541
779539828
50724576
212382728
899798866
122081989
999932658
291355933
958419676
487132032
375717037
711471325
890076149
744440509
713057590
553225302
617790389
388880845
226521767
183029571
688133532
236382312
713587086
787591835
461996978
75881621
870359568
816606704
47006363
345159029
183513782
934079548
842063254
21103776
89142579
119801539
404007445
196108302
17002086
334581596
731394740
239011667
989187527
1938787
688278273
402032555
243844325
526874617
456711005
114520248
223828897
674102360
314024894
797135586
721702045
567832381
234305412
163077314
647619631
651282198
664035557
837959845
137994579
488184626
283658173
248583310
126191290
407245940
475645468
455270323
904641976
425132538
182825396
885931876
701414859
186299428
808759830
322711112
497030538
716054004
749296053
238996177
558721270
707362085
885012732
944940141
576635302
186214667
507645155
507850389
583368636
629601202
53140997
16798782
982051647
276980239
80079903
268087011
989671556
481244120
959253387
71677611
166402380
422828303
948046331
114769190
574664314
272534054
822852647
564385249
746046223
756710475
654312818
262885819
717430405
886896518
648355560
9883191
594122251
345449709
306946513
222660768
84259202
555227273
256022711
619097138
954206371
109339098
126791505
267132387
221625982
781724181
138238973
838012884
173948833
864904615
815489802
607830758
521518472
318169310
189407550
988451422
553920390
483069482
914629195
395320893
250522424
446852187
587346817
521990577
70892934
312810377
936241878
775490356
420134479
340205599
477928433
706713233
482620432
438553611
482787918
714645496
891670432
895321921
384399849
960057071
614296732
50012912
109662172
493617198
127289784
10676642
480161570
305618994
453768535
574682763
598425999
106173592
777530015
6041351
389173492
577331480
670536821
865832437
877066279
955236014
105799837
318334962
411738991
99422457
659001187
442015978
839587467
917118718
164023129
703616408
299511686
749264428
424824922
663700588
826349135
952490029
314483017
319229681
442078843
788039789
694975460
965429485
738233834
498750507
106529302
132160929
36372038
712014473
403640939
131611092
665064406
371518717
354851292
617141436
322294181
454673402
788249954
741897966
418103622
981935828
252061910
449514959
502142264
160838165
697689935
886615425
458660840
226704735
72809867
420266098
189080673
926160966
681191486
974278023
418535637
697319460
338219481
977918439
207661796
235822229
569033567
345958871
193616630
491792953
379293331
813216798
521466086
136866185
763840580
816369663
498147340
175779070
566631654
495712052
272094783
47078187
881215845
958966141
776105257
14169035
528375311
944251117
594482028
365261898
674429656
428638379
992990301
200493945
88580353
444366336
6308152
202765030
729465867
778320329
65884391
168116785
761192787
384908443
324723508
943166972
180072681
328684584
12012194
668815664
184129461
265494454
995115687
45405645
301207928
154030368
853547990
138704668
812862018
179019272
715230053
808338357
206867656
134837038
216449603
616724903
52652294
413035877
376790243
757477256
289387839
955476901
936023065
541844872
449534180
832349353
133220590
347786520
443725194
336903366
396461359
977852597
20993099
9241816
235753445
91543926
302273682
332504059
46211660
94750178
208003252
571276586
765649999
200990751
907224637
595988138
927283618
941562791
526508987
21923841
89777994
851734879
172384428
395205382
141629533
174585404
887683111
795105259
914328516
688920408
985869835
909386779
637165594
360121352
394180876
288522871
339997264
881015847
924145178
516807302
257250582
695306588
264464229
194728158
819361788
982810008
699345604
516335013
296472803
66085032
749360772
810916527
170872600
932418743
577276852
335500019
537017984
901471707
362925833
389454065
804003179
19348980
178627049
417708983
227626471
326597561
75943812
578477372
304813744
320513155
565779507
827348930
513805938
458829238
240715444
502354199
932983718
316641549
232090669
551318721
65634313
781938170
613899522
836385637
558765789
478641531
770702875
900788590
126355989
910664170
320964546
77140129
421246483
651263774
408372743
544540743
787232051
211857607
63827939
899981026
395496120
476993951
889573945
973884066
648053055
771335877
206651776
950068848
410435726
513523960
984045713
908852470
375452075
811746058
433846832
374895662
882604213
33415707
591238652
321361893
39236747
251944771
524358895
7201985
429316901
61936996
904180405
560996138
523400512
910801889
897299007
9580045
671661087
178038350
65777256
537317031
405872348
302694113
891798268
385137576
591992225
513823569
806265437
624304451
463749785
335174340
336930713
912856922
601031211
171266381
689097379
554345410
910545068
36975923
179410620
255660940
642672146
517027225
694964188
290808128
318136197
608146912
865702053
952875920
179025441
157423609
553964997
700439527
524067097
577654944
25664123
318283995
145310932
530201435
798493409
294250358
308686580
766790651
648559076
853611362
711334
613213796
425605686
993341310
810896216
625658845
754111433
520901223
214026387
50828374
703261962
465656548
686200869
10835201
836873416
796264063
938907943
481722096
996699140
395628656
53549214
159605645
696165535
913503242
353791598
485858207
403559264
631138325
678162708
413321107
943439838
228926574
35074211
710396511
237426684
626481459
557899993
397036982
562869817
265711912
607159331
32218693
60191345
958638658
263978123
263570353
366153620
388069547
28950517
877531884
226272432
759267490
414607428
871002193
300731964
878660353
148075451
136932317
818768554
795900245
810160452
555827295
417954786
807973417
779308027
121962893
428908774
567686832
807772117
98751054
474549945
426686694
243343997
619802808
287065282
469311686
51748215
339926247
486391074
588401720
108707712
996282587
594667913
179767498
698097187
436553467
291941775
193408111
985477285
692523554
801298505
557613867
654565973
553828387
326156504
160396753
886031043
586288416
972589131
970415094
168458995
747469596
574767431
632252690
320282409
683221744
806092015
596214805
81687735
202307976
962287946
509972962
112089025
386479944
981594053
110400680
325134705
923137654
190358313
154214387
319573679
727765588
86385945
400705628
241143249
757291042
442547153
127820193
920500688
29712428
293414541
813583295
165771255
91326592
365141866
952341994
872429057
163242989
129852450
137494751
914397904
943507685
618718014
880730340
509163417
767694150
861581638
312363407
524810044
75176182
570033783
735473994
57719119
380650739
76169005
452397266
727394909
112526212
825952718
189576196
6054808
594772382
923092967
370108349
759578313
951022694
245522035
662651550
256983476
800735583
145842513
293766403
86521072
138022587
929029125
907223912
729713018
969777316
104713021
481463862
407768600
318614026
793238259
